((("yes" .
   [1 0 0])
  ("HADOOP_HOME" .
   [0 0 0 0 0 0 1 0 0 0 0])
  ("IND_NUM" .
   [1 0 0 0 0 0 0])
  ("ORB-SLAM2" .
   [0 0 0 1 0 0 0 0 0])
  ("include" .
   [0 0 0 1 0 0 1])
  ("ros" .
   [1 0 0])
  ("win_edge" .
   [1 0 0 0 0 0 0 0])
  ("waitKey" .
   [0 0 0 0 1 0 0])
  ("cv" .
   [1 0])
  ("define" .
   [0 0 0 1 0 0])
  ("xlabel" .
   [0 0 0 1 0 0])
  ("-j4" .
   [3 0 0])
  ("source" .
   [0 0 0 0 0 1])
  ("buf" .
   [2 0 0])
  ("aaa" .
   [2 0 0])
  ("buffer" .
   [2 0 0 0 0 0])
  ("pandas" .
   [1 0 0 0 0 0])))
